
  0        5.19    -99.99      5.19      88.16      0.00
  1        5.19    -99.99      5.19      88.15      0.00
  2        5.19    -99.99      5.19      88.13      0.00
  3        5.19    -99.99      5.19      88.10      0.00
  4        5.19    -99.99      5.19      88.05      0.00
  5        5.19    -99.99      5.19      87.99      0.00
  6        5.19    -99.99      5.19      87.91      0.00
  7        5.19    -99.99      5.19      87.82      0.00
  8        5.19    -99.99      5.19      87.71      0.00
  9        5.19    -99.99      5.19      87.60      0.00
 10        5.19    -99.99      5.19      87.46      0.00
 11        5.18    -99.99      5.18      87.32      0.00
 12        5.18    -99.99      5.18      87.16      0.00
 13        5.18    -99.99      5.18      86.99      0.00
 14        5.18    -99.99      5.18      86.80      0.00
 15        5.18    -99.99      5.18      86.60      0.00
 16        5.18    -99.99      5.18      86.39      0.00
 17        5.18    -99.99      5.18      86.16      0.00
 18        5.18    -99.99      5.18      85.92      0.00
 19        5.17    -99.99      5.17      85.66      0.00
 20        5.17    -99.99      5.17      85.40      0.00
 21        5.17    -99.99      5.17      85.12      0.00
 22        5.17    -99.99      5.17      84.82      0.00
 23        5.16    -99.99      5.16      84.52      0.00
 24        5.16    -99.99      5.16      84.20      0.00
 25        5.16    -99.99      5.16      83.87      0.00
 26        5.15    -99.99      5.15      83.52      0.00
 27        5.15    -99.99      5.15      83.17      0.00
 28        5.14    -99.99      5.14      82.80      0.00
 29        5.13    -99.99      5.13      82.42      0.00
 30        5.13    -99.99      5.13      82.02      0.00
 31        5.12    -99.99      5.12      81.62      0.00
 32        5.11    -99.99      5.11      81.20      0.00
 33        5.10    -99.99      5.10      80.77      0.00
 34        5.09    -99.99      5.09      80.33      0.00
 35        5.08    -99.99      5.08      79.88      0.00
 36        5.07    -99.99      5.07      79.41      0.00
 37        5.06    -99.99      5.06      78.94      0.00
 38        5.05    -99.99      5.05      78.45      0.00
 39        5.03    -99.99      5.03      77.95      0.00
 40        5.02    -99.99      5.02      77.44      0.00
 41        5.00    -99.99      5.00      76.92      0.00
 42        4.99    -99.99      4.99      76.39      0.00
 43        4.97    -99.99      4.97      75.85      0.00
 44        4.95    -99.99      4.95      75.30      0.00
 45        4.93    -99.99      4.93      74.74      0.00
 46        4.91    -99.99      4.91      74.17      0.00
 47        4.89    -99.99      4.89      73.59      0.00
 48        4.86    -99.99      4.86      73.00      0.00
 49        4.84    -99.99      4.84      72.40      0.00
 50        4.81    -99.99      4.81      71.79      0.00
 51        4.78    -99.99      4.78      71.17      0.00
 52        4.75    -99.99      4.75      70.55      0.00
 53        4.72    -99.99      4.72      69.91      0.00
 54        4.69    -99.99      4.69      69.27      0.00
 55        4.65    -99.99      4.65      68.62      0.00
 56        4.62    -99.99      4.62      67.96      0.00
 57        4.58    -99.99      4.58      67.29      0.00
 58        4.54    -99.99      4.54      66.61      0.00
 59        4.50    -99.99      4.50      65.93      0.00
 60        4.46    -99.99      4.46      65.24      0.00
 61        4.41    -99.99      4.41      64.54      0.00
 62        4.36    -99.99      4.36      63.84      0.00
 63        4.31    -99.99      4.31      63.12      0.00
 64        4.26    -99.99      4.26      62.41      0.00
 65        4.21    -99.99      4.21      61.68      0.00
 66        4.15    -99.99      4.15      60.95      0.00
 67        4.10    -99.99      4.10      60.21      0.00
 68        4.04    -99.99      4.04      59.47      0.00
 69        3.98    -99.99      3.98      58.72      0.00
 70        3.91    -99.99      3.91      57.97      0.00
 71        3.84    -99.99      3.84      57.21      0.00
 72        3.78    -99.99      3.78      56.45      0.00
 73        3.70    -99.99      3.70      55.68      0.00
 74        3.63    -99.99      3.63      54.91      0.00
 75        3.55    -99.99      3.55      54.13      0.00
 76        3.47    -99.99      3.47      53.35      0.00
 77        3.39    -99.99      3.39      52.57      0.00
 78        3.31    -99.99      3.31      51.78      0.00
 79        3.22    -99.99      3.22      50.99      0.00
 80        3.13    -99.99      3.13      50.20      0.00
 81        3.04    -99.99      3.04      49.40      0.00
 82        2.94    -99.99      2.94      48.60      0.00
 83        2.85    -99.99      2.85      47.80      0.00
 84        2.74    -99.99      2.74      47.00      0.00
 85        2.64    -99.99      2.64      46.19      0.00
 86        2.53    -99.99      2.53      45.38      0.00
 87        2.42    -99.99      2.42      44.57      0.00
 88        2.31    -99.99      2.31      43.76      0.00
 89        2.19    -99.99      2.19      42.95      0.00
 90        2.07    -99.99      2.07      42.13      0.00
 91        1.95    -99.99      1.95      41.32      0.00
 92        1.82    -99.99      1.82      40.51      0.00
 93        1.69    -99.99      1.69      39.69      0.00
 94        1.56    -99.99      1.56      38.88      0.00
 95        1.42    -99.99      1.42      38.06      0.00
 96        1.28    -99.99      1.28      37.24      0.00
 97        1.13    -99.99      1.13      36.43      0.00
 98        0.98    -99.99      0.98      35.62      0.00
 99        0.83    -99.99      0.83      34.80      0.00
100        0.67    -99.99      0.67      33.99      0.00
101        0.51    -99.99      0.51      33.18      0.00
102        0.35    -99.99      0.35      32.37      0.00
103        0.18    -99.99      0.18      31.56      0.00
104        0.01    -99.99      0.01      30.75      0.00
105       -0.17    -99.99     -0.17      29.95      0.00
106       -0.35    -99.99     -0.35      29.14      0.00
107       -0.54    -99.99     -0.54      28.34      0.00
108       -0.73    -99.99     -0.73      27.54      0.00
109       -0.92    -99.99     -0.92      26.74      0.00
110       -1.12    -99.99     -1.12      25.95      0.00
111       -1.33    -99.99     -1.33      25.16      0.00
112       -1.54    -99.99     -1.54      24.37      0.00
113       -1.75    -99.99     -1.75      23.58      0.00
114       -1.97    -99.99     -1.97      22.79      0.00
115       -2.20    -99.99     -2.20      22.01      0.00
116       -2.43    -99.99     -2.43      21.23      0.00
117       -2.67    -99.99     -2.67      20.46      0.00
118       -2.91    -99.99     -2.91      19.68      0.00
119       -3.16    -99.99     -3.16      18.91      0.00
120       -3.41    -99.99     -3.41      18.14      0.00
121       -3.67    -99.99     -3.67      17.38      0.00
122       -3.94    -99.99     -3.94      16.61      0.00
123       -4.21    -99.99     -4.21      15.85      0.00
124       -4.49    -99.99     -4.49      15.09      0.00
125       -4.78    -99.99     -4.78      14.34      0.00
126       -5.07    -99.99     -5.07      13.58      0.00
127       -5.38    -99.99     -5.38      12.83      0.00
128       -5.69    -99.99     -5.69      12.07      0.00
129       -6.00    -99.99     -6.00      11.32      0.00
130       -6.33    -99.99     -6.33      10.57      0.00
131       -6.66    -99.99     -6.66       9.82      0.00
132       -7.01    -99.99     -7.01       9.06      0.00
133       -7.36    -99.99     -7.36       8.31      0.00
134       -7.72    -99.99     -7.72       7.55      0.00
135       -8.10    -99.99     -8.10       6.79      0.00
136       -8.48    -99.99     -8.48       6.02      0.00
137       -8.87    -99.99     -8.87       5.25      0.00
138       -9.28    -99.99     -9.28       4.47      0.00
139       -9.70    -99.99     -9.70       3.68      0.00
140      -10.13    -99.99    -10.13       2.87      0.00
141      -10.57    -99.99    -10.57       2.06      0.00
142      -11.03    -99.99    -11.03       1.23      0.00
143      -11.51    -99.99    -11.51       0.37      0.00
144      -11.99    -99.99    -11.99      -0.50      0.00
145      -12.50    -99.99    -12.50      -1.40      0.00
146      -13.02    -99.99    -13.02      -2.34      0.00
147      -13.56    -99.99    -13.56      -3.31      0.00
148      -14.13    -99.99    -14.13      -4.33      0.00
149      -14.71    -99.99    -14.71      -5.40      0.00
150      -15.31    -99.99    -15.31      -6.54      0.00
151      -15.94    -99.99    -15.94      -7.75      0.00
152      -16.60    -99.99    -16.60      -9.05      0.00
153      -17.28    -99.99    -17.28     -10.46      0.00
154      -17.99    -99.99    -17.99     -11.99      0.00
155      -18.73    -99.99    -18.73     -13.68      0.00
156      -19.51    -99.99    -19.51     -15.56      0.00
157      -20.31    -99.99    -20.31     -17.66      0.00
158      -21.16    -99.99    -21.16     -20.04      0.00
159      -22.03    -99.99    -22.03     -22.75      0.00
160      -22.95    -99.99    -22.95     -25.88      0.00
161      -23.89    -99.99    -23.89     -29.50      0.00
162      -24.85    -99.99    -24.85     -33.72      0.00
163      -25.81    -99.99    -25.81     -38.66      0.00
164      -26.76    -99.99    -26.76     -44.43      0.00
165      -27.66    -99.99    -27.66     -51.09      0.00
166      -28.45    -99.99    -28.45     -58.63      0.00
167      -29.10    -99.99    -29.10     -66.91      0.00
168      -29.56    -99.99    -29.56     -75.61      0.00
169      -29.81    -99.99    -29.81     -84.29      0.00
170      -29.87    -99.99    -29.87     -92.51      0.00
171      -29.77    -99.99    -29.77     -99.91      0.00
172      -29.57    -99.99    -29.57    -106.32      0.00
173      -29.32    -99.99    -29.32    -111.69      0.00
174      -29.05    -99.99    -29.05    -116.08      0.00
175      -28.80    -99.99    -28.80    -119.59      0.00
176      -28.57    -99.99    -28.57    -122.30      0.00
177      -28.39    -99.99    -28.39    -124.32      0.00
178      -28.25    -99.99    -28.25    -125.71      0.00
179      -28.17    -99.99    -28.17    -126.53      0.00
180      -28.14    -99.99    -28.14    -126.80      0.00
181      -28.17    -99.99    -28.17    -126.53      0.00
182      -28.25    -99.99    -28.25    -125.71      0.00
183      -28.39    -99.99    -28.39    -124.32      0.00
184      -28.57    -99.99    -28.57    -122.30      0.00
185      -28.80    -99.99    -28.80    -119.59      0.00
186      -29.05    -99.99    -29.05    -116.08      0.00
187      -29.32    -99.99    -29.32    -111.69      0.00
188      -29.57    -99.99    -29.57    -106.32      0.00
189      -29.77    -99.99    -29.77     -99.91      0.00
190      -29.87    -99.99    -29.87     -92.51      0.00
191      -29.81    -99.99    -29.81     -84.29      0.00
192      -29.56    -99.99    -29.56     -75.61      0.00
193      -29.10    -99.99    -29.10     -66.91      0.00
194      -28.45    -99.99    -28.45     -58.63      0.00
195      -27.66    -99.99    -27.66     -51.09      0.00
196      -26.76    -99.99    -26.76     -44.43      0.00
197      -25.81    -99.99    -25.81     -38.66      0.00
198      -24.85    -99.99    -24.85     -33.72      0.00
199      -23.89    -99.99    -23.89     -29.50      0.00
200      -22.95    -99.99    -22.95     -25.88      0.00
201      -22.03    -99.99    -22.03     -22.75      0.00
202      -21.16    -99.99    -21.16     -20.04      0.00
203      -20.31    -99.99    -20.31     -17.66      0.00
204      -19.51    -99.99    -19.51     -15.56      0.00
205      -18.73    -99.99    -18.73     -13.68      0.00
206      -17.99    -99.99    -17.99     -11.99      0.00
207      -17.28    -99.99    -17.28     -10.46      0.00
208      -16.60    -99.99    -16.60      -9.05      0.00
209      -15.94    -99.99    -15.94      -7.75      0.00
210      -15.31    -99.99    -15.31      -6.54      0.00
211      -14.71    -99.99    -14.71      -5.40      0.00
212      -14.13    -99.99    -14.13      -4.33      0.00
213      -13.56    -99.99    -13.56      -3.31      0.00
214      -13.02    -99.99    -13.02      -2.34      0.00
215      -12.50    -99.99    -12.50      -1.40      0.00
216      -11.99    -99.99    -11.99      -0.50      0.00
217      -11.51    -99.99    -11.51       0.37      0.00
218      -11.03    -99.99    -11.03       1.23      0.00
219      -10.57    -99.99    -10.57       2.06      0.00
220      -10.13    -99.99    -10.13       2.87      0.00
221       -9.70    -99.99     -9.70       3.68      0.00
222       -9.28    -99.99     -9.28       4.47      0.00
223       -8.87    -99.99     -8.87       5.25      0.00
224       -8.48    -99.99     -8.48       6.02      0.00
225       -8.10    -99.99     -8.10       6.79      0.00
226       -7.72    -99.99     -7.72       7.55      0.00
227       -7.36    -99.99     -7.36       8.31      0.00
228       -7.01    -99.99     -7.01       9.06      0.00
229       -6.66    -99.99     -6.66       9.82      0.00
230       -6.33    -99.99     -6.33      10.57      0.00
231       -6.00    -99.99     -6.00      11.32      0.00
232       -5.69    -99.99     -5.69      12.07      0.00
233       -5.38    -99.99     -5.38      12.83      0.00
234       -5.07    -99.99     -5.07      13.58      0.00
235       -4.78    -99.99     -4.78      14.34      0.00
236       -4.49    -99.99     -4.49      15.09      0.00
237       -4.21    -99.99     -4.21      15.85      0.00
238       -3.94    -99.99     -3.94      16.61      0.00
239       -3.67    -99.99     -3.67      17.38      0.00
240       -3.41    -99.99     -3.41      18.14      0.00
241       -3.16    -99.99     -3.16      18.91      0.00
242       -2.91    -99.99     -2.91      19.68      0.00
243       -2.67    -99.99     -2.67      20.46      0.00
244       -2.43    -99.99     -2.43      21.23      0.00
245       -2.20    -99.99     -2.20      22.01      0.00
246       -1.97    -99.99     -1.97      22.79      0.00
247       -1.75    -99.99     -1.75      23.58      0.00
248       -1.54    -99.99     -1.54      24.37      0.00
249       -1.33    -99.99     -1.33      25.16      0.00
250       -1.12    -99.99     -1.12      25.95      0.00
251       -0.92    -99.99     -0.92      26.74      0.00
252       -0.73    -99.99     -0.73      27.54      0.00
253       -0.54    -99.99     -0.54      28.34      0.00
254       -0.35    -99.99     -0.35      29.14      0.00
255       -0.17    -99.99     -0.17      29.95      0.00
256        0.01    -99.99      0.01      30.75      0.00
257        0.18    -99.99      0.18      31.56      0.00
258        0.35    -99.99      0.35      32.37      0.00
259        0.51    -99.99      0.51      33.18      0.00
260        0.67    -99.99      0.67      33.99      0.00
261        0.83    -99.99      0.83      34.80      0.00
262        0.98    -99.99      0.98      35.62      0.00
263        1.13    -99.99      1.13      36.43      0.00
264        1.28    -99.99      1.28      37.24      0.00
265        1.42    -99.99      1.42      38.06      0.00
266        1.56    -99.99      1.56      38.88      0.00
267        1.69    -99.99      1.69      39.69      0.00
268        1.82    -99.99      1.82      40.51      0.00
269        1.95    -99.99      1.95      41.32      0.00
270        2.07    -99.99      2.07      42.13      0.00
271        2.19    -99.99      2.19      42.95      0.00
272        2.31    -99.99      2.31      43.76      0.00
273        2.42    -99.99      2.42      44.57      0.00
274        2.53    -99.99      2.53      45.38      0.00
275        2.64    -99.99      2.64      46.19      0.00
276        2.74    -99.99      2.74      47.00      0.00
277        2.85    -99.99      2.85      47.80      0.00
278        2.94    -99.99      2.94      48.60      0.00
279        3.04    -99.99      3.04      49.40      0.00
280        3.13    -99.99      3.13      50.20      0.00
281        3.22    -99.99      3.22      50.99      0.00
282        3.31    -99.99      3.31      51.78      0.00
283        3.39    -99.99      3.39      52.57      0.00
284        3.47    -99.99      3.47      53.35      0.00
285        3.55    -99.99      3.55      54.13      0.00
286        3.63    -99.99      3.63      54.91      0.00
287        3.70    -99.99      3.70      55.68      0.00
288        3.78    -99.99      3.78      56.45      0.00
289        3.84    -99.99      3.84      57.21      0.00
290        3.91    -99.99      3.91      57.97      0.00
291        3.98    -99.99      3.98      58.72      0.00
292        4.04    -99.99      4.04      59.47      0.00
293        4.10    -99.99      4.10      60.21      0.00
294        4.15    -99.99      4.15      60.95      0.00
295        4.21    -99.99      4.21      61.68      0.00
296        4.26    -99.99      4.26      62.41      0.00
297        4.31    -99.99      4.31      63.12      0.00
298        4.36    -99.99      4.36      63.84      0.00
299        4.41    -99.99      4.41      64.54      0.00
300        4.46    -99.99      4.46      65.24      0.00
301        4.50    -99.99      4.50      65.93      0.00
302        4.54    -99.99      4.54      66.61      0.00
303        4.58    -99.99      4.58      67.29      0.00
304        4.62    -99.99      4.62      67.96      0.00
305        4.65    -99.99      4.65      68.62      0.00
306        4.69    -99.99      4.69      69.27      0.00
307        4.72    -99.99      4.72      69.91      0.00
308        4.75    -99.99      4.75      70.55      0.00
309        4.78    -99.99      4.78      71.17      0.00
310        4.81    -99.99      4.81      71.79      0.00
311        4.84    -99.99      4.84      72.40      0.00
312        4.86    -99.99      4.86      73.00      0.00
313        4.89    -99.99      4.89      73.59      0.00
314        4.91    -99.99      4.91      74.17      0.00
315        4.93    -99.99      4.93      74.74      0.00
316        4.95    -99.99      4.95      75.30      0.00
317        4.97    -99.99      4.97      75.85      0.00
318        4.99    -99.99      4.99      76.39      0.00
319        5.00    -99.99      5.00      76.92      0.00
320        5.02    -99.99      5.02      77.44      0.00
321        5.03    -99.99      5.03      77.95      0.00
322        5.05    -99.99      5.05      78.45      0.00
323        5.06    -99.99      5.06      78.94      0.00
324        5.07    -99.99      5.07      79.41      0.00
325        5.08    -99.99      5.08      79.88      0.00
326        5.09    -99.99      5.09      80.33      0.00
327        5.10    -99.99      5.10      80.77      0.00
328        5.11    -99.99      5.11      81.20      0.00
329        5.12    -99.99      5.12      81.62      0.00
330        5.13    -99.99      5.13      82.02      0.00
331        5.13    -99.99      5.13      82.42      0.00
332        5.14    -99.99      5.14      82.80      0.00
333        5.15    -99.99      5.15      83.17      0.00
334        5.15    -99.99      5.15      83.52      0.00
335        5.16    -99.99      5.16      83.87      0.00
336        5.16    -99.99      5.16      84.20      0.00
337        5.16    -99.99      5.16      84.52      0.00
338        5.17    -99.99      5.17      84.82      0.00
339        5.17    -99.99      5.17      85.12      0.00
340        5.17    -99.99      5.17      85.40      0.00
341        5.17    -99.99      5.17      85.66      0.00
342        5.18    -99.99      5.18      85.92      0.00
343        5.18    -99.99      5.18      86.16      0.00
344        5.18    -99.99      5.18      86.39      0.00
345        5.18    -99.99      5.18      86.60      0.00
346        5.18    -99.99      5.18      86.80      0.00
347        5.18    -99.99      5.18      86.99      0.00
348        5.18    -99.99      5.18      87.16      0.00
349        5.18    -99.99      5.18      87.32      0.00
350        5.19    -99.99      5.19      87.46      0.00
351        5.19    -99.99      5.19      87.60      0.00
352        5.19    -99.99      5.19      87.71      0.00
353        5.19    -99.99      5.19      87.82      0.00
354        5.19    -99.99      5.19      87.91      0.00
355        5.19    -99.99      5.19      87.99      0.00
356        5.19    -99.99      5.19      88.05      0.00
357        5.19    -99.99      5.19      88.10      0.00
358        5.19    -99.99      5.19      88.13      0.00
359        5.19    -99.99      5.19      88.15      0.00
360        5.19    -99.99      5.19      88.16      0.00

