
  0        2.13    -99.99      2.13      88.04      0.00
  1        2.13    -99.99      2.13      88.04      0.00
  2        2.12    -99.99      2.12      88.04      0.00
  3        2.11    -99.99      2.11      88.04      0.00
  4        2.10    -99.99      2.10      88.04      0.00
  5        2.08    -99.99      2.08      88.04      0.00
  6        2.06    -99.99      2.06      88.04      0.00
  7        2.03    -99.99      2.03      88.04      0.00
  8        2.00    -99.99      2.00      88.04      0.00
  9        1.97    -99.99      1.97      88.04      0.00
 10        1.93    -99.99      1.93      88.05      0.00
 11        1.89    -99.99      1.89      88.05      0.00
 12        1.85    -99.99      1.85      88.05      0.00
 13        1.80    -99.99      1.80      88.05      0.00
 14        1.75    -99.99      1.75      88.05      0.00
 15        1.69    -99.99      1.69      88.06      0.00
 16        1.63    -99.99      1.63      88.06      0.00
 17        1.57    -99.99      1.57      88.06      0.00
 18        1.50    -99.99      1.50      88.06      0.00
 19        1.43    -99.99      1.43      88.07      0.00
 20        1.36    -99.99      1.36      88.07      0.00
 21        1.28    -99.99      1.28      88.07      0.00
 22        1.19    -99.99      1.19      88.08      0.00
 23        1.11    -99.99      1.11      88.08      0.00
 24        1.01    -99.99      1.01      88.08      0.00
 25        0.92    -99.99      0.92      88.09      0.00
 26        0.82    -99.99      0.82      88.09      0.00
 27        0.72    -99.99      0.72      88.09      0.00
 28        0.61    -99.99      0.61      88.10      0.00
 29        0.50    -99.99      0.50      88.10      0.00
 30        0.38    -99.99      0.38      88.11      0.00
 31        0.26    -99.99      0.26      88.11      0.00
 32        0.14    -99.99      0.14      88.12      0.00
 33        0.01    -99.99      0.01      88.12      0.00
 34       -0.12    -99.99     -0.12      88.13      0.00
 35       -0.26    -99.99     -0.26      88.13      0.00
 36       -0.40    -99.99     -0.40      88.14      0.00
 37       -0.55    -99.99     -0.55      88.14      0.00
 38       -0.70    -99.99     -0.70      88.15      0.00
 39       -0.85    -99.99     -0.85      88.15      0.00
 40       -1.01    -99.99     -1.01      88.16      0.00
 41       -1.18    -99.99     -1.18      88.16      0.00
 42       -1.35    -99.99     -1.35      88.17      0.00
 43       -1.52    -99.99     -1.52      88.17      0.00
 44       -1.70    -99.99     -1.70      88.18      0.00
 45       -1.88    -99.99     -1.88      88.18      0.00
 46       -2.07    -99.99     -2.07      88.19      0.00
 47       -2.27    -99.99     -2.27      88.19      0.00
 48       -2.47    -99.99     -2.47      88.20      0.00
 49       -2.68    -99.99     -2.68      88.20      0.00
 50       -2.89    -99.99     -2.89      88.21      0.00
 51       -3.11    -99.99     -3.11      88.21      0.00
 52       -3.33    -99.99     -3.33      88.22      0.00
 53       -3.57    -99.99     -3.57      88.23      0.00
 54       -3.80    -99.99     -3.80      88.23      0.00
 55       -4.05    -99.99     -4.05      88.24      0.00
 56       -4.30    -99.99     -4.30      88.24      0.00
 57       -4.57    -99.99     -4.57      88.25      0.00
 58       -4.84    -99.99     -4.84      88.25      0.00
 59       -5.12    -99.99     -5.12      88.26      0.00
 60       -5.41    -99.99     -5.41      88.26      0.00
 61       -5.70    -99.99     -5.70      88.27      0.00
 62       -6.01    -99.99     -6.01      88.27      0.00
 63       -6.34    -99.99     -6.34      88.28      0.00
 64       -6.67    -99.99     -6.67      88.28      0.00
 65       -7.01    -99.99     -7.01      88.28      0.00
 66       -7.37    -99.99     -7.37      88.29      0.00
 67       -7.75    -99.99     -7.75      88.29      0.00
 68       -8.14    -99.99     -8.14      88.30      0.00
 69       -8.55    -99.99     -8.55      88.30      0.00
 70       -8.98    -99.99     -8.98      88.31      0.00
 71       -9.43    -99.99     -9.43      88.31      0.00
 72       -9.91    -99.99     -9.91      88.31      0.00
 73      -10.41    -99.99    -10.41      88.32      0.00
 74      -10.94    -99.99    -10.94      88.32      0.00
 75      -11.51    -99.99    -11.51      88.32      0.00
 76      -12.11    -99.99    -12.11      88.33      0.00
 77      -12.76    -99.99    -12.76      88.33      0.00
 78      -13.46    -99.99    -13.46      88.33      0.00
 79      -14.22    -99.99    -14.22      88.33      0.00
 80      -15.05    -99.99    -15.05      88.33      0.00
 81      -15.97    -99.99    -15.97      88.34      0.00
 82      -16.99    -99.99    -16.99      88.34      0.00
 83      -18.16    -99.99    -18.16      88.34      0.00
 84      -19.50    -99.99    -19.50      88.34      0.00
 85      -21.08    -99.99    -21.08      88.34      0.00
 86      -23.02    -99.99    -23.02      88.34      0.00
 87      -25.53    -99.99    -25.53      88.34      0.00
 88      -29.05    -99.99    -29.05      88.35      0.00
 89      -35.07    -99.99    -35.07      88.35      0.00
 90      -99.99    -99.99    -99.99       0.00      0.00
 91      -35.07    -99.99    -35.07     -91.65      0.00
 92      -29.05    -99.99    -29.05     -91.65      0.00
 93      -25.53    -99.99    -25.53     -91.66      0.00
 94      -23.02    -99.99    -23.02     -91.66      0.00
 95      -21.08    -99.99    -21.08     -91.66      0.00
 96      -19.50    -99.99    -19.50     -91.66      0.00
 97      -18.16    -99.99    -18.16     -91.66      0.00
 98      -16.99    -99.99    -16.99     -91.66      0.00
 99      -15.97    -99.99    -15.97     -91.66      0.00
100      -15.05    -99.99    -15.05     -91.67      0.00
101      -14.22    -99.99    -14.22     -91.67      0.00
102      -13.46    -99.99    -13.46     -91.67      0.00
103      -12.76    -99.99    -12.76     -91.67      0.00
104      -12.11    -99.99    -12.11     -91.67      0.00
105      -11.51    -99.99    -11.51     -91.68      0.00
106      -10.94    -99.99    -10.94     -91.68      0.00
107      -10.41    -99.99    -10.41     -91.68      0.00
108       -9.91    -99.99     -9.91     -91.69      0.00
109       -9.43    -99.99     -9.43     -91.69      0.00
110       -8.98    -99.99     -8.98     -91.69      0.00
111       -8.55    -99.99     -8.55     -91.70      0.00
112       -8.14    -99.99     -8.14     -91.70      0.00
113       -7.75    -99.99     -7.75     -91.71      0.00
114       -7.37    -99.99     -7.37     -91.71      0.00
115       -7.01    -99.99     -7.01     -91.72      0.00
116       -6.67    -99.99     -6.67     -91.72      0.00
117       -6.34    -99.99     -6.34     -91.72      0.00
118       -6.01    -99.99     -6.01     -91.73      0.00
119       -5.70    -99.99     -5.70     -91.73      0.00
120       -5.41    -99.99     -5.41     -91.74      0.00
121       -5.12    -99.99     -5.12     -91.74      0.00
122       -4.84    -99.99     -4.84     -91.75      0.00
123       -4.57    -99.99     -4.57     -91.75      0.00
124       -4.30    -99.99     -4.30     -91.76      0.00
125       -4.05    -99.99     -4.05     -91.76      0.00
126       -3.80    -99.99     -3.80     -91.77      0.00
127       -3.57    -99.99     -3.57     -91.77      0.00
128       -3.33    -99.99     -3.33     -91.78      0.00
129       -3.11    -99.99     -3.11     -91.79      0.00
130       -2.89    -99.99     -2.89     -91.79      0.00
131       -2.68    -99.99     -2.68     -91.80      0.00
132       -2.47    -99.99     -2.47     -91.80      0.00
133       -2.27    -99.99     -2.27     -91.81      0.00
134       -2.07    -99.99     -2.07     -91.81      0.00
135       -1.88    -99.99     -1.88     -91.82      0.00
136       -1.70    -99.99     -1.70     -91.82      0.00
137       -1.52    -99.99     -1.52     -91.83      0.00
138       -1.35    -99.99     -1.35     -91.83      0.00
139       -1.18    -99.99     -1.18     -91.84      0.00
140       -1.01    -99.99     -1.01     -91.84      0.00
141       -0.85    -99.99     -0.85     -91.85      0.00
142       -0.70    -99.99     -0.70     -91.85      0.00
143       -0.55    -99.99     -0.55     -91.86      0.00
144       -0.40    -99.99     -0.40     -91.86      0.00
145       -0.26    -99.99     -0.26     -91.87      0.00
146       -0.12    -99.99     -0.12     -91.87      0.00
147        0.01    -99.99      0.01     -91.88      0.00
148        0.14    -99.99      0.14     -91.88      0.00
149        0.26    -99.99      0.26     -91.89      0.00
150        0.38    -99.99      0.38     -91.89      0.00
151        0.50    -99.99      0.50     -91.90      0.00
152        0.61    -99.99      0.61     -91.90      0.00
153        0.72    -99.99      0.72     -91.91      0.00
154        0.82    -99.99      0.82     -91.91      0.00
155        0.92    -99.99      0.92     -91.91      0.00
156        1.01    -99.99      1.01     -91.92      0.00
157        1.11    -99.99      1.11     -91.92      0.00
158        1.19    -99.99      1.19     -91.92      0.00
159        1.28    -99.99      1.28     -91.93      0.00
160        1.36    -99.99      1.36     -91.93      0.00
161        1.43    -99.99      1.43     -91.93      0.00
162        1.50    -99.99      1.50     -91.94      0.00
163        1.57    -99.99      1.57     -91.94      0.00
164        1.63    -99.99      1.63     -91.94      0.00
165        1.69    -99.99      1.69     -91.94      0.00
166        1.75    -99.99      1.75     -91.95      0.00
167        1.80    -99.99      1.80     -91.95      0.00
168        1.85    -99.99      1.85     -91.95      0.00
169        1.89    -99.99      1.89     -91.95      0.00
170        1.93    -99.99      1.93     -91.95      0.00
171        1.97    -99.99      1.97     -91.96      0.00
172        2.00    -99.99      2.00     -91.96      0.00
173        2.03    -99.99      2.03     -91.96      0.00
174        2.06    -99.99      2.06     -91.96      0.00
175        2.08    -99.99      2.08     -91.96      0.00
176        2.10    -99.99      2.10     -91.96      0.00
177        2.11    -99.99      2.11     -91.96      0.00
178        2.12    -99.99      2.12     -91.96      0.00
179        2.13    -99.99      2.13     -91.96      0.00
180        2.13    -99.99      2.13     -91.96      0.00
181        2.13    -99.99      2.13     -91.96      0.00
182        2.12    -99.99      2.12     -91.96      0.00
183        2.11    -99.99      2.11     -91.96      0.00
184        2.10    -99.99      2.10     -91.96      0.00
185        2.08    -99.99      2.08     -91.96      0.00
186        2.06    -99.99      2.06     -91.96      0.00
187        2.03    -99.99      2.03     -91.96      0.00
188        2.00    -99.99      2.00     -91.96      0.00
189        1.97    -99.99      1.97     -91.96      0.00
190        1.93    -99.99      1.93     -91.95      0.00
191        1.89    -99.99      1.89     -91.95      0.00
192        1.85    -99.99      1.85     -91.95      0.00
193        1.80    -99.99      1.80     -91.95      0.00
194        1.75    -99.99      1.75     -91.95      0.00
195        1.69    -99.99      1.69     -91.94      0.00
196        1.63    -99.99      1.63     -91.94      0.00
197        1.57    -99.99      1.57     -91.94      0.00
198        1.50    -99.99      1.50     -91.94      0.00
199        1.43    -99.99      1.43     -91.93      0.00
200        1.36    -99.99      1.36     -91.93      0.00
201        1.28    -99.99      1.28     -91.93      0.00
202        1.19    -99.99      1.19     -91.92      0.00
203        1.11    -99.99      1.11     -91.92      0.00
204        1.01    -99.99      1.01     -91.92      0.00
205        0.92    -99.99      0.92     -91.91      0.00
206        0.82    -99.99      0.82     -91.91      0.00
207        0.72    -99.99      0.72     -91.91      0.00
208        0.61    -99.99      0.61     -91.90      0.00
209        0.50    -99.99      0.50     -91.90      0.00
210        0.38    -99.99      0.38     -91.89      0.00
211        0.26    -99.99      0.26     -91.89      0.00
212        0.14    -99.99      0.14     -91.88      0.00
213        0.01    -99.99      0.01     -91.88      0.00
214       -0.12    -99.99     -0.12     -91.87      0.00
215       -0.26    -99.99     -0.26     -91.87      0.00
216       -0.40    -99.99     -0.40     -91.86      0.00
217       -0.55    -99.99     -0.55     -91.86      0.00
218       -0.70    -99.99     -0.70     -91.85      0.00
219       -0.85    -99.99     -0.85     -91.85      0.00
220       -1.01    -99.99     -1.01     -91.84      0.00
221       -1.18    -99.99     -1.18     -91.84      0.00
222       -1.35    -99.99     -1.35     -91.83      0.00
223       -1.52    -99.99     -1.52     -91.83      0.00
224       -1.70    -99.99     -1.70     -91.82      0.00
225       -1.88    -99.99     -1.88     -91.82      0.00
226       -2.07    -99.99     -2.07     -91.81      0.00
227       -2.27    -99.99     -2.27     -91.81      0.00
228       -2.47    -99.99     -2.47     -91.80      0.00
229       -2.68    -99.99     -2.68     -91.80      0.00
230       -2.89    -99.99     -2.89     -91.79      0.00
231       -3.11    -99.99     -3.11     -91.79      0.00
232       -3.33    -99.99     -3.33     -91.78      0.00
233       -3.57    -99.99     -3.57     -91.77      0.00
234       -3.80    -99.99     -3.80     -91.77      0.00
235       -4.05    -99.99     -4.05     -91.76      0.00
236       -4.30    -99.99     -4.30     -91.76      0.00
237       -4.57    -99.99     -4.57     -91.75      0.00
238       -4.84    -99.99     -4.84     -91.75      0.00
239       -5.12    -99.99     -5.12     -91.74      0.00
240       -5.41    -99.99     -5.41     -91.74      0.00
241       -5.70    -99.99     -5.70     -91.73      0.00
242       -6.01    -99.99     -6.01     -91.73      0.00
243       -6.34    -99.99     -6.34     -91.72      0.00
244       -6.67    -99.99     -6.67     -91.72      0.00
245       -7.01    -99.99     -7.01     -91.72      0.00
246       -7.37    -99.99     -7.37     -91.71      0.00
247       -7.75    -99.99     -7.75     -91.71      0.00
248       -8.14    -99.99     -8.14     -91.70      0.00
249       -8.55    -99.99     -8.55     -91.70      0.00
250       -8.98    -99.99     -8.98     -91.69      0.00
251       -9.43    -99.99     -9.43     -91.69      0.00
252       -9.91    -99.99     -9.91     -91.69      0.00
253      -10.41    -99.99    -10.41     -91.68      0.00
254      -10.94    -99.99    -10.94     -91.68      0.00
255      -11.51    -99.99    -11.51     -91.68      0.00
256      -12.11    -99.99    -12.11     -91.67      0.00
257      -12.76    -99.99    -12.76     -91.67      0.00
258      -13.46    -99.99    -13.46     -91.67      0.00
259      -14.22    -99.99    -14.22     -91.67      0.00
260      -15.05    -99.99    -15.05     -91.67      0.00
261      -15.97    -99.99    -15.97     -91.66      0.00
262      -16.99    -99.99    -16.99     -91.66      0.00
263      -18.16    -99.99    -18.16     -91.66      0.00
264      -19.50    -99.99    -19.50     -91.66      0.00
265      -21.08    -99.99    -21.08     -91.66      0.00
266      -23.02    -99.99    -23.02     -91.66      0.00
267      -25.53    -99.99    -25.53     -91.66      0.00
268      -29.05    -99.99    -29.05     -91.65      0.00
269      -35.07    -99.99    -35.07     -91.65      0.00
270      -99.99    -99.99    -99.99       0.00      0.00
271      -35.07    -99.99    -35.07      88.35      0.00
272      -29.05    -99.99    -29.05      88.35      0.00
273      -25.53    -99.99    -25.53      88.34      0.00
274      -23.02    -99.99    -23.02      88.34      0.00
275      -21.08    -99.99    -21.08      88.34      0.00
276      -19.50    -99.99    -19.50      88.34      0.00
277      -18.16    -99.99    -18.16      88.34      0.00
278      -16.99    -99.99    -16.99      88.34      0.00
279      -15.97    -99.99    -15.97      88.34      0.00
280      -15.05    -99.99    -15.05      88.33      0.00
281      -14.22    -99.99    -14.22      88.33      0.00
282      -13.46    -99.99    -13.46      88.33      0.00
283      -12.76    -99.99    -12.76      88.33      0.00
284      -12.11    -99.99    -12.11      88.33      0.00
285      -11.51    -99.99    -11.51      88.32      0.00
286      -10.94    -99.99    -10.94      88.32      0.00
287      -10.41    -99.99    -10.41      88.32      0.00
288       -9.91    -99.99     -9.91      88.31      0.00
289       -9.43    -99.99     -9.43      88.31      0.00
290       -8.98    -99.99     -8.98      88.31      0.00
291       -8.55    -99.99     -8.55      88.30      0.00
292       -8.14    -99.99     -8.14      88.30      0.00
293       -7.75    -99.99     -7.75      88.29      0.00
294       -7.37    -99.99     -7.37      88.29      0.00
295       -7.01    -99.99     -7.01      88.28      0.00
296       -6.67    -99.99     -6.67      88.28      0.00
297       -6.34    -99.99     -6.34      88.28      0.00
298       -6.01    -99.99     -6.01      88.27      0.00
299       -5.70    -99.99     -5.70      88.27      0.00
300       -5.41    -99.99     -5.41      88.26      0.00
301       -5.12    -99.99     -5.12      88.26      0.00
302       -4.84    -99.99     -4.84      88.25      0.00
303       -4.57    -99.99     -4.57      88.25      0.00
304       -4.30    -99.99     -4.30      88.24      0.00
305       -4.05    -99.99     -4.05      88.24      0.00
306       -3.80    -99.99     -3.80      88.23      0.00
307       -3.57    -99.99     -3.57      88.23      0.00
308       -3.33    -99.99     -3.33      88.22      0.00
309       -3.11    -99.99     -3.11      88.21      0.00
310       -2.89    -99.99     -2.89      88.21      0.00
311       -2.68    -99.99     -2.68      88.20      0.00
312       -2.47    -99.99     -2.47      88.20      0.00
313       -2.27    -99.99     -2.27      88.19      0.00
314       -2.07    -99.99     -2.07      88.19      0.00
315       -1.88    -99.99     -1.88      88.18      0.00
316       -1.70    -99.99     -1.70      88.18      0.00
317       -1.52    -99.99     -1.52      88.17      0.00
318       -1.35    -99.99     -1.35      88.17      0.00
319       -1.18    -99.99     -1.18      88.16      0.00
320       -1.01    -99.99     -1.01      88.16      0.00
321       -0.85    -99.99     -0.85      88.15      0.00
322       -0.70    -99.99     -0.70      88.15      0.00
323       -0.55    -99.99     -0.55      88.14      0.00
324       -0.40    -99.99     -0.40      88.14      0.00
325       -0.26    -99.99     -0.26      88.13      0.00
326       -0.12    -99.99     -0.12      88.13      0.00
327        0.01    -99.99      0.01      88.12      0.00
328        0.14    -99.99      0.14      88.12      0.00
329        0.26    -99.99      0.26      88.11      0.00
330        0.38    -99.99      0.38      88.11      0.00
331        0.50    -99.99      0.50      88.10      0.00
332        0.61    -99.99      0.61      88.10      0.00
333        0.72    -99.99      0.72      88.09      0.00
334        0.82    -99.99      0.82      88.09      0.00
335        0.92    -99.99      0.92      88.09      0.00
336        1.01    -99.99      1.01      88.08      0.00
337        1.11    -99.99      1.11      88.08      0.00
338        1.19    -99.99      1.19      88.08      0.00
339        1.28    -99.99      1.28      88.07      0.00
340        1.36    -99.99      1.36      88.07      0.00
341        1.43    -99.99      1.43      88.07      0.00
342        1.50    -99.99      1.50      88.06      0.00
343        1.57    -99.99      1.57      88.06      0.00
344        1.63    -99.99      1.63      88.06      0.00
345        1.69    -99.99      1.69      88.06      0.00
346        1.75    -99.99      1.75      88.05      0.00
347        1.80    -99.99      1.80      88.05      0.00
348        1.85    -99.99      1.85      88.05      0.00
349        1.89    -99.99      1.89      88.05      0.00
350        1.93    -99.99      1.93      88.05      0.00
351        1.97    -99.99      1.97      88.04      0.00
352        2.00    -99.99      2.00      88.04      0.00
353        2.03    -99.99      2.03      88.04      0.00
354        2.06    -99.99      2.06      88.04      0.00
355        2.08    -99.99      2.08      88.04      0.00
356        2.10    -99.99      2.10      88.04      0.00
357        2.11    -99.99      2.11      88.04      0.00
358        2.12    -99.99      2.12      88.04      0.00
359        2.13    -99.99      2.13      88.04      0.00
360        2.13    -99.99      2.13      88.04      0.00

