
  0        3.77    -99.99      3.77      87.35      0.00
  1        3.76    -99.99      3.76      88.92      0.00
  2        3.75    -99.99      3.75      90.49      0.00
  3        3.72    -99.99      3.72      92.06      0.00
  4        3.69    -99.99      3.69      93.62      0.00
  5        3.64    -99.99      3.64      95.19      0.00
  6        3.58    -99.99      3.58      96.75      0.00
  7        3.52    -99.99      3.52      98.31      0.00
  8        3.44    -99.99      3.44      99.87      0.00
  9        3.35    -99.99      3.35     101.42      0.00
 10        3.25    -99.99      3.25     102.97      0.00
 11        3.15    -99.99      3.15     104.51      0.00
 12        3.03    -99.99      3.03     106.05      0.00
 13        2.90    -99.99      2.90     107.58      0.00
 14        2.76    -99.99      2.76     109.10      0.00
 15        2.61    -99.99      2.61     110.62      0.00
 16        2.45    -99.99      2.45     112.13      0.00
 17        2.28    -99.99      2.28     113.63      0.00
 18        2.10    -99.99      2.10     115.13      0.00
 19        1.91    -99.99      1.91     116.61      0.00
 20        1.70    -99.99      1.70     118.09      0.00
 21        1.49    -99.99      1.49     119.56      0.00
 22        1.27    -99.99      1.27     121.01      0.00
 23        1.03    -99.99      1.03     122.46      0.00
 24        0.79    -99.99      0.79     123.89      0.00
 25        0.53    -99.99      0.53     125.31      0.00
 26        0.26    -99.99      0.26     126.72      0.00
 27       -0.02    -99.99     -0.02     128.12      0.00
 28       -0.31    -99.99     -0.31     129.51      0.00
 29       -0.61    -99.99     -0.61     130.88      0.00
 30       -0.92    -99.99     -0.92     132.24      0.00
 31       -1.25    -99.99     -1.25     133.58      0.00
 32       -1.58    -99.99     -1.58     134.91      0.00
 33       -1.93    -99.99     -1.93     136.22      0.00
 34       -2.29    -99.99     -2.29     137.52      0.00
 35       -2.66    -99.99     -2.66     138.80      0.00
 36       -3.05    -99.99     -3.05     140.06      0.00
 37       -3.44    -99.99     -3.44     141.31      0.00
 38       -3.85    -99.99     -3.85     142.53      0.00
 39       -4.28    -99.99     -4.28     143.74      0.00
 40       -4.71    -99.99     -4.71     144.94      0.00
 41       -5.16    -99.99     -5.16     146.11      0.00
 42       -5.63    -99.99     -5.63     147.26      0.00
 43       -6.10    -99.99     -6.10     148.39      0.00
 44       -6.59    -99.99     -6.59     149.50      0.00
 45       -7.10    -99.99     -7.10     150.59      0.00
 46       -7.62    -99.99     -7.62     151.66      0.00
 47       -8.16    -99.99     -8.16     152.71      0.00
 48       -8.71    -99.99     -8.71     153.73      0.00
 49       -9.28    -99.99     -9.28     154.73      0.00
 50       -9.87    -99.99     -9.87     155.70      0.00
 51      -10.47    -99.99    -10.47     156.65      0.00
 52      -11.09    -99.99    -11.09     157.57      0.00
 53      -11.73    -99.99    -11.73     158.47      0.00
 54      -12.39    -99.99    -12.39     159.34      0.00
 55      -13.07    -99.99    -13.07     160.18      0.00
 56      -13.77    -99.99    -13.77     161.00      0.00
 57      -14.49    -99.99    -14.49     161.78      0.00
 58      -15.24    -99.99    -15.24     162.53      0.00
 59      -16.01    -99.99    -16.01     163.26      0.00
 60      -16.80    -99.99    -16.80     163.94      0.00
 61      -17.62    -99.99    -17.62     164.60      0.00
 62      -18.47    -99.99    -18.47     165.21      0.00
 63      -19.35    -99.99    -19.35     165.79      0.00
 64      -20.26    -99.99    -20.26     166.33      0.00
 65      -21.20    -99.99    -21.20     166.82      0.00
 66      -22.17    -99.99    -22.17     167.27      0.00
 67      -23.19    -99.99    -23.19     167.67      0.00
 68      -24.24    -99.99    -24.24     168.02      0.00
 69      -25.33    -99.99    -25.33     168.32      0.00
 70      -26.47    -99.99    -26.47     168.55      0.00
 71      -27.65    -99.99    -27.65     168.72      0.00
 72      -28.89    -99.99    -28.89     168.81      0.00
 73      -30.18    -99.99    -30.18     168.82      0.00
 74      -31.52    -99.99    -31.52     168.75      0.00
 75      -32.93    -99.99    -32.93     168.57      0.00
 76      -34.40    -99.99    -34.40     168.28      0.00
 77      -35.95    -99.99    -35.95     167.87      0.00
 78      -37.57    -99.99    -37.57     167.32      0.00
 79      -39.28    -99.99    -39.28     166.61      0.00
 80      -41.07    -99.99    -41.07     165.74      0.00
 81      -42.95    -99.99    -42.95     164.68      0.00
 82      -44.94    -99.99    -44.94     163.45      0.00
 83      -47.05    -99.99    -47.05     162.04      0.00
 84      -49.29    -99.99    -49.29     160.48      0.00
 85      -51.71    -99.99    -51.71     158.84      0.00
 86      -54.40    -99.99    -54.40     157.20      0.00
 87      -57.51    -99.99    -57.51     155.69      0.00
 88      -61.50    -99.99    -61.50     154.46      0.00
 89      -67.81    -99.99    -67.81     153.65      0.00
 90      -99.99    -99.99    -99.99       0.00      0.00
 91      -67.81    -99.99    -67.81     -26.35      0.00
 92      -61.50    -99.99    -61.50     -25.54      0.00
 93      -57.51    -99.99    -57.51     -24.31      0.00
 94      -54.40    -99.99    -54.40     -22.80      0.00
 95      -51.71    -99.99    -51.71     -21.16      0.00
 96      -49.29    -99.99    -49.29     -19.52      0.00
 97      -47.05    -99.99    -47.05     -17.96      0.00
 98      -44.94    -99.99    -44.94     -16.55      0.00
 99      -42.95    -99.99    -42.95     -15.32      0.00
100      -41.07    -99.99    -41.07     -14.26      0.00
101      -39.28    -99.99    -39.28     -13.39      0.00
102      -37.57    -99.99    -37.57     -12.68      0.00
103      -35.95    -99.99    -35.95     -12.13      0.00
104      -34.40    -99.99    -34.40     -11.72      0.00
105      -32.93    -99.99    -32.93     -11.43      0.00
106      -31.52    -99.99    -31.52     -11.25      0.00
107      -30.18    -99.99    -30.18     -11.18      0.00
108      -28.89    -99.99    -28.89     -11.19      0.00
109      -27.65    -99.99    -27.65     -11.28      0.00
110      -26.47    -99.99    -26.47     -11.45      0.00
111      -25.33    -99.99    -25.33     -11.68      0.00
112      -24.24    -99.99    -24.24     -11.98      0.00
113      -23.19    -99.99    -23.19     -12.33      0.00
114      -22.17    -99.99    -22.17     -12.73      0.00
115      -21.20    -99.99    -21.20     -13.18      0.00
116      -20.26    -99.99    -20.26     -13.67      0.00
117      -19.35    -99.99    -19.35     -14.21      0.00
118      -18.47    -99.99    -18.47     -14.79      0.00
119      -17.62    -99.99    -17.62     -15.40      0.00
120      -16.80    -99.99    -16.80     -16.06      0.00
121      -16.01    -99.99    -16.01     -16.74      0.00
122      -15.24    -99.99    -15.24     -17.47      0.00
123      -14.49    -99.99    -14.49     -18.22      0.00
124      -13.77    -99.99    -13.77     -19.00      0.00
125      -13.07    -99.99    -13.07     -19.82      0.00
126      -12.39    -99.99    -12.39     -20.66      0.00
127      -11.73    -99.99    -11.73     -21.53      0.00
128      -11.09    -99.99    -11.09     -22.43      0.00
129      -10.47    -99.99    -10.47     -23.35      0.00
130       -9.87    -99.99     -9.87     -24.30      0.00
131       -9.28    -99.99     -9.28     -25.27      0.00
132       -8.71    -99.99     -8.71     -26.27      0.00
133       -8.16    -99.99     -8.16     -27.29      0.00
134       -7.62    -99.99     -7.62     -28.34      0.00
135       -7.10    -99.99     -7.10     -29.41      0.00
136       -6.59    -99.99     -6.59     -30.50      0.00
137       -6.10    -99.99     -6.10     -31.61      0.00
138       -5.63    -99.99     -5.63     -32.74      0.00
139       -5.16    -99.99     -5.16     -33.89      0.00
140       -4.71    -99.99     -4.71     -35.06      0.00
141       -4.28    -99.99     -4.28     -36.26      0.00
142       -3.85    -99.99     -3.85     -37.47      0.00
143       -3.44    -99.99     -3.44     -38.69      0.00
144       -3.05    -99.99     -3.05     -39.94      0.00
145       -2.66    -99.99     -2.66     -41.20      0.00
146       -2.29    -99.99     -2.29     -42.48      0.00
147       -1.93    -99.99     -1.93     -43.78      0.00
148       -1.58    -99.99     -1.58     -45.09      0.00
149       -1.25    -99.99     -1.25     -46.42      0.00
150       -0.92    -99.99     -0.92     -47.76      0.00
151       -0.61    -99.99     -0.61     -49.12      0.00
152       -0.31    -99.99     -0.31     -50.49      0.00
153       -0.02    -99.99     -0.02     -51.88      0.00
154        0.26    -99.99      0.26     -53.28      0.00
155        0.53    -99.99      0.53     -54.69      0.00
156        0.79    -99.99      0.79     -56.11      0.00
157        1.03    -99.99      1.03     -57.54      0.00
158        1.27    -99.99      1.27     -58.99      0.00
159        1.49    -99.99      1.49     -60.44      0.00
160        1.70    -99.99      1.70     -61.91      0.00
161        1.91    -99.99      1.91     -63.39      0.00
162        2.10    -99.99      2.10     -64.87      0.00
163        2.28    -99.99      2.28     -66.37      0.00
164        2.45    -99.99      2.45     -67.87      0.00
165        2.61    -99.99      2.61     -69.38      0.00
166        2.76    -99.99      2.76     -70.90      0.00
167        2.90    -99.99      2.90     -72.42      0.00
168        3.03    -99.99      3.03     -73.95      0.00
169        3.15    -99.99      3.15     -75.49      0.00
170        3.25    -99.99      3.25     -77.03      0.00
171        3.35    -99.99      3.35     -78.58      0.00
172        3.44    -99.99      3.44     -80.13      0.00
173        3.52    -99.99      3.52     -81.69      0.00
174        3.58    -99.99      3.58     -83.25      0.00
175        3.64    -99.99      3.64     -84.81      0.00
176        3.69    -99.99      3.69     -86.38      0.00
177        3.72    -99.99      3.72     -87.94      0.00
178        3.75    -99.99      3.75     -89.51      0.00
179        3.76    -99.99      3.76     -91.08      0.00
180        3.77    -99.99      3.77     -92.65      0.00
181        3.76    -99.99      3.76     -94.23      0.00
182        3.75    -99.99      3.75     -95.80      0.00
183        3.72    -99.99      3.72     -97.37      0.00
184        3.69    -99.99      3.69     -98.93      0.00
185        3.64    -99.99      3.64    -100.50      0.00
186        3.58    -99.99      3.58    -102.06      0.00
187        3.52    -99.99      3.52    -103.63      0.00
188        3.44    -99.99      3.44    -105.19      0.00
189        3.35    -99.99      3.35    -106.74      0.00
190        3.25    -99.99      3.25    -108.29      0.00
191        3.15    -99.99      3.15    -109.84      0.00
192        3.03    -99.99      3.03    -111.38      0.00
193        2.90    -99.99      2.90    -112.91      0.00
194        2.76    -99.99      2.76    -114.44      0.00
195        2.61    -99.99      2.61    -115.97      0.00
196        2.45    -99.99      2.45    -117.48      0.00
197        2.28    -99.99      2.28    -118.99      0.00
198        2.10    -99.99      2.10    -120.50      0.00
199        1.91    -99.99      1.91    -121.99      0.00
200        1.70    -99.99      1.70    -123.47      0.00
201        1.49    -99.99      1.49    -124.95      0.00
202        1.27    -99.99      1.27    -126.42      0.00
203        1.03    -99.99      1.03    -127.87      0.00
204        0.79    -99.99      0.79    -129.32      0.00
205        0.53    -99.99      0.53    -130.76      0.00
206        0.26    -99.99      0.26    -132.18      0.00
207       -0.02    -99.99     -0.02    -133.60      0.00
208       -0.31    -99.99     -0.31    -135.00      0.00
209       -0.61    -99.99     -0.61    -136.39      0.00
210       -0.92    -99.99     -0.92    -137.76      0.00
211       -1.25    -99.99     -1.25    -139.13      0.00
212       -1.58    -99.99     -1.58    -140.48      0.00
213       -1.93    -99.99     -1.93    -141.82      0.00
214       -2.29    -99.99     -2.29    -143.14      0.00
215       -2.66    -99.99     -2.66    -144.45      0.00
216       -3.05    -99.99     -3.05    -145.74      0.00
217       -3.44    -99.99     -3.44    -147.02      0.00
218       -3.85    -99.99     -3.85    -148.28      0.00
219       -4.28    -99.99     -4.28    -149.53      0.00
220       -4.71    -99.99     -4.71    -150.77      0.00
221       -5.16    -99.99     -5.16    -151.98      0.00
222       -5.63    -99.99     -5.63    -153.18      0.00
223       -6.10    -99.99     -6.10    -154.37      0.00
224       -6.59    -99.99     -6.59    -155.54      0.00
225       -7.10    -99.99     -7.10    -156.69      0.00
226       -7.62    -99.99     -7.62    -157.82      0.00
227       -8.16    -99.99     -8.16    -158.94      0.00
228       -8.71    -99.99     -8.71    -160.04      0.00
229       -9.28    -99.99     -9.28    -161.12      0.00
230       -9.87    -99.99     -9.87    -162.19      0.00
231      -10.47    -99.99    -10.47    -163.24      0.00
232      -11.09    -99.99    -11.09    -164.27      0.00
233      -11.73    -99.99    -11.73    -165.28      0.00
234      -12.39    -99.99    -12.39    -166.28      0.00
235      -13.07    -99.99    -13.07    -167.26      0.00
236      -13.77    -99.99    -13.77    -168.23      0.00
237      -14.49    -99.99    -14.49    -169.18      0.00
238      -15.24    -99.99    -15.24    -170.11      0.00
239      -16.01    -99.99    -16.01    -171.03      0.00
240      -16.80    -99.99    -16.80    -171.94      0.00
241      -17.62    -99.99    -17.62    -172.84      0.00
242      -18.47    -99.99    -18.47    -173.72      0.00
243      -19.35    -99.99    -19.35    -174.59      0.00
244      -20.26    -99.99    -20.26    -175.46      0.00
245      -21.20    -99.99    -21.20    -176.31      0.00
246      -22.17    -99.99    -22.17    -177.17      0.00
247      -23.19    -99.99    -23.19    -178.02      0.00
248      -24.24    -99.99    -24.24    -178.87      0.00
249      -25.33    -99.99    -25.33    -179.73      0.00
250      -26.47    -99.99    -26.47     179.41      0.00
251      -27.65    -99.99    -27.65     178.52      0.00
252      -28.89    -99.99    -28.89     177.62      0.00
253      -30.18    -99.99    -30.18     176.69      0.00
254      -31.52    -99.99    -31.52     175.72      0.00
255      -32.93    -99.99    -32.93     174.71      0.00
256      -34.40    -99.99    -34.40     173.63      0.00
257      -35.95    -99.99    -35.95     172.48      0.00
258      -37.57    -99.99    -37.57     171.25      0.00
259      -39.28    -99.99    -39.28     169.92      0.00
260      -41.07    -99.99    -41.07     168.47      0.00
261      -42.95    -99.99    -42.95     166.90      0.00
262      -44.94    -99.99    -44.94     165.20      0.00
263      -47.05    -99.99    -47.05     163.38      0.00
264      -49.29    -99.99    -49.29     161.46      0.00
265      -51.71    -99.99    -51.71     159.52      0.00
266      -54.40    -99.99    -54.40     157.64      0.00
267      -57.51    -99.99    -57.51     155.94      0.00
268      -61.50    -99.99    -61.50     154.57      0.00
269      -67.81    -99.99    -67.81     153.68      0.00
270      -99.99    -99.99    -99.99       0.00      0.00
271      -67.81    -99.99    -67.81     -26.32      0.00
272      -61.50    -99.99    -61.50     -25.43      0.00
273      -57.51    -99.99    -57.51     -24.06      0.00
274      -54.40    -99.99    -54.40     -22.36      0.00
275      -51.71    -99.99    -51.71     -20.48      0.00
276      -49.29    -99.99    -49.29     -18.54      0.00
277      -47.05    -99.99    -47.05     -16.62      0.00
278      -44.94    -99.99    -44.94     -14.80      0.00
279      -42.95    -99.99    -42.95     -13.10      0.00
280      -41.07    -99.99    -41.07     -11.53      0.00
281      -39.28    -99.99    -39.28     -10.08      0.00
282      -37.57    -99.99    -37.57      -8.75      0.00
283      -35.95    -99.99    -35.95      -7.52      0.00
284      -34.40    -99.99    -34.40      -6.37      0.00
285      -32.93    -99.99    -32.93      -5.29      0.00
286      -31.52    -99.99    -31.52      -4.28      0.00
287      -30.18    -99.99    -30.18      -3.31      0.00
288      -28.89    -99.99    -28.89      -2.38      0.00
289      -27.65    -99.99    -27.65      -1.48      0.00
290      -26.47    -99.99    -26.47      -0.59      0.00
291      -25.33    -99.99    -25.33       0.27      0.00
292      -24.24    -99.99    -24.24       1.13      0.00
293      -23.19    -99.99    -23.19       1.98      0.00
294      -22.17    -99.99    -22.17       2.83      0.00
295      -21.20    -99.99    -21.20       3.69      0.00
296      -20.26    -99.99    -20.26       4.54      0.00
297      -19.35    -99.99    -19.35       5.41      0.00
298      -18.47    -99.99    -18.47       6.28      0.00
299      -17.62    -99.99    -17.62       7.16      0.00
300      -16.80    -99.99    -16.80       8.06      0.00
301      -16.01    -99.99    -16.01       8.97      0.00
302      -15.24    -99.99    -15.24       9.89      0.00
303      -14.49    -99.99    -14.49      10.82      0.00
304      -13.77    -99.99    -13.77      11.77      0.00
305      -13.07    -99.99    -13.07      12.74      0.00
306      -12.39    -99.99    -12.39      13.72      0.00
307      -11.73    -99.99    -11.73      14.72      0.00
308      -11.09    -99.99    -11.09      15.73      0.00
309      -10.47    -99.99    -10.47      16.76      0.00
310       -9.87    -99.99     -9.87      17.81      0.00
311       -9.28    -99.99     -9.28      18.88      0.00
312       -8.71    -99.99     -8.71      19.96      0.00
313       -8.16    -99.99     -8.16      21.06      0.00
314       -7.62    -99.99     -7.62      22.18      0.00
315       -7.10    -99.99     -7.10      23.31      0.00
316       -6.59    -99.99     -6.59      24.46      0.00
317       -6.10    -99.99     -6.10      25.63      0.00
318       -5.63    -99.99     -5.63      26.82      0.00
319       -5.16    -99.99     -5.16      28.02      0.00
320       -4.71    -99.99     -4.71      29.23      0.00
321       -4.28    -99.99     -4.28      30.47      0.00
322       -3.85    -99.99     -3.85      31.72      0.00
323       -3.44    -99.99     -3.44      32.98      0.00
324       -3.05    -99.99     -3.05      34.26      0.00
325       -2.66    -99.99     -2.66      35.55      0.00
326       -2.29    -99.99     -2.29      36.86      0.00
327       -1.93    -99.99     -1.93      38.18      0.00
328       -1.58    -99.99     -1.58      39.52      0.00
329       -1.25    -99.99     -1.25      40.87      0.00
330       -0.92    -99.99     -0.92      42.24      0.00
331       -0.61    -99.99     -0.61      43.61      0.00
332       -0.31    -99.99     -0.31      45.00      0.00
333       -0.02    -99.99     -0.02      46.40      0.00
334        0.26    -99.99      0.26      47.82      0.00
335        0.53    -99.99      0.53      49.24      0.00
336        0.79    -99.99      0.79      50.68      0.00
337        1.03    -99.99      1.03      52.13      0.00
338        1.27    -99.99      1.27      53.58      0.00
339        1.49    -99.99      1.49      55.05      0.00
340        1.70    -99.99      1.70      56.53      0.00
341        1.91    -99.99      1.91      58.01      0.00
342        2.10    -99.99      2.10      59.50      0.00
343        2.28    -99.99      2.28      61.01      0.00
344        2.45    -99.99      2.45      62.52      0.00
345        2.61    -99.99      2.61      64.03      0.00
346        2.76    -99.99      2.76      65.56      0.00
347        2.90    -99.99      2.90      67.09      0.00
348        3.03    -99.99      3.03      68.62      0.00
349        3.15    -99.99      3.15      70.16      0.00
350        3.25    -99.99      3.25      71.71      0.00
351        3.35    -99.99      3.35      73.26      0.00
352        3.44    -99.99      3.44      74.81      0.00
353        3.52    -99.99      3.52      76.37      0.00
354        3.58    -99.99      3.58      77.94      0.00
355        3.64    -99.99      3.64      79.50      0.00
356        3.69    -99.99      3.69      81.07      0.00
357        3.72    -99.99      3.72      82.63      0.00
358        3.75    -99.99      3.75      84.20      0.00
359        3.76    -99.99      3.76      85.77      0.00
360        3.77    -99.99      3.77      87.35      0.00

